1538.82, -1.59277, -2235.29
1538.82, -4.31836, -2275.29
1527.06, -4.14648, -2294.12
1167.06, -3.4751, -2430.59
908.236, -4.25488, -2527.06
708.235, -3.38916, -2592.94
508.235, -5.35791, -2684.71
192.941, -6.05273, -2825.88
35.2941, -4.44043, -2894.12
-265.882, -6.94238, -3035.29
-487.059, -8.51562, -3143.53
-508.235, -7.10156, -3117.65
-595.294, -7.12598, -3040
-915.294, 2.07031, -2729.41
-1105.88, 1.39062, -2602.35
-1235.29, -1.08203, -2541.18
-1317.65, 0.220703, -2496.47
-1416.47, -1.19336, -2444.71
-1496.47, -3.40918, -2404.71
-1581.18, -4.03516, -2357.65
-1677.65, -6.60156, -2303.53
-1736.47, 11.9531, -2284.71
-1847.06, 26.6455, -2225.88
-1917.65, 32.0801, -2183.53
-1983.53, 34.7881, -2152.94
-2063.53, 35.4033, -2117.65
-2160, 32.79, -2058.82
-2280, 29.5801, -1995.29
-2385.88, 22.9297, -1945.88
-2442.35, 16.5576, -1917.65
-2545.88, -3.91602, -1854.12
-2649.41, 7.18652, -1809.41
-2717.65, 7.99023, -1764.71
-2800, 7.48926, -1715.29
-2854.12, 8.59961, -1701.18
-2934.12, 8.2959, -1720
-3101.18, 6.60254, -1769.41
-3218.82, 6.33398, -1809.41
-3352.94, 5.50879, -1856.47
-3555.29, 4.72559, -1924.71
-3625.88, 3.61621, -1955.29
-3687.06, 2.875, -1894.12
-3743.53, 3.42578, -1835.29
-3814.12, 3.19238, -1769.41
-3898.82, 2.25488, -1684.71
-3974.12, 1.09473, -1602.35
-4044.71, 0.68457, -1538.82
-4105.88, -0.573242, -1468.24
-4162.35, -0.486328, -1411.77
-4360, -1.30859, -1362.35
-4592.94, 0.865234, -1312.94
-4781.18, -0.0166016, -1268.24
-5030.59, 0.676758, -1197.65
-5336.47, 7.36621, -1143.53
-5442.35, 10.0645, -1105.88
-5687.06, 19.041, -1068.24
-5811.77, 21.0039, -1035.29
-5861.18, 20.8838, -1025.88
-5934.12, 22.8281, -1011.76
-6009.41, 24.3877, -1037.65
-6115.3, 26.2617, -1035.29
-6164.71, 26.291, -1025.88
-6225.88, 28.7324, -1021.18
-6320, 30.6006, -1084.71
-6364.71, 29.6504, -1162.35
-6475.3, 27.7842, -1289.41
-6609.41, 27.8643, -1364.71
-6738.83, 28.8242, -1381.18
-6816.47, 34.9023, -1423.53
-6875.3, 29.5908, -1522.35
-6983.53, 27.8252, -1618.82
-7042.35, 28.04, -1734.12
-7070.59, 28.2666, -1832.94
-7120, 25.71, -1945.88
-7195.3, 24.4287, -1995.29
-7258.83, 24.3818, -1992.94
-7329.41, 23.0225, -1952.94
-7374.12, 19.667, -1856.47
-7489.41, 20.1279, -1788.24
-7567.06, 19.0127, -1743.53
-7644.71, 15.5322, -1722.35
-7804.71, 9.88184, -1767.06
-7929.41, 2.57129, -1748.24
-8025.88, -2.50879, -1715.29
-8157.65, -3.44043, -1767.06
-8258.83, -4.55957, -1776.47
-8338.83, -6.1084, -1724.71
-8357.65, -5.46387, -1616.47
-8294.12, -3.13379, -1505.88
-8261.18, -3.16113, -1371.77
-8268.24, -2.73926, -1232.94
-8200, -2.58887, -1042.35
-8237.65, -2.83301, -903.53
-8334.12, -3.62402, -917.647
-8352.94, -3.9502, -1028.24